1.000           1.000           1.000           1.000          
-0.055          -0.089          -0.098          -0.123         
-0.161          -0.109          -0.264          -0.212         
0.028           -0.018          -0.058          -0.074         
-0.188          -0.363          -0.498          -0.613         
-0.338          -0.422          -0.589          -0.704         
1.259           1.186           1.348           1.322          
0.007           -0.041          -0.097          -0.127         
0.248           0.125           -0.016          -0.038         
-0.055          -0.089          -0.098          -0.123         
0.142           0.210           0.250           0.279          
0.028           -0.018          -0.058          -0.074         
-0.188          -0.363          -0.498          -0.613         
-0.188          -0.363          -0.498          -0.613         
0.629           0.593           0.674           0.661          
-0.122          -0.226          -0.249          -0.283         
0.198           0.080           -0.031          -0.082         
0.062           0.060           0.057           0.062          
-0.100          0.590           0.721           0.168          
-0.058          -0.111          -0.126          -0.133         
-0.058          -0.111          -0.126          -0.133         
-0.036          -0.060          -0.065          -0.082         
-0.109          -0.179          -0.196          -0.245         
-0.232          -0.305          -0.237          -0.296         
0.094           0.090           0.085           0.094          
0.149           0.149           0.145           0.158          
0.149           0.149           0.145           0.158          
0.287           0.555           0.641           0.582          
0.161           0.201           0.193           0.199          
-0.105          -0.098          -0.105          -0.155         
-0.058          -0.111          -0.126          -0.133         
-0.058          -0.111          -0.126          -0.133         
-0.008          -0.035          -0.054          -0.067         
-0.232          -0.305          -0.237          -0.296         
-0.109          -0.179          -0.196          -0.245         
-0.338          -0.422          -0.589          -0.704         
-0.169          -0.256          -0.234          -0.265         
-0.010          -0.052          -0.085          -0.108         
-0.169          -0.256          -0.234          -0.265         
-0.145          -0.217          -0.199          -0.230         
-0.010          -0.052          -0.085          -0.108         
-0.069          -0.128          -0.133          -0.164         
-0.008          -0.043          -0.078          -0.096         
0.113           0.052           -0.012          -0.029         
-0.201          -0.321          -0.285          -0.297         